[[B]
target_l_pos -0.0127264 0.549136 0.521759
target_l_rot 0.011436 0.0380848 -0.999209 0.00382661 0.999265 0.0381307 0.999927 -0.00425965 0.0112819
target_r_pos 0.562803 -0.173262 0.783215
target_r_rot 0.998407 -0.0154851 0.0542644 0.0152421 0.999872 0.00488868 -0.0543332 -0.00405379 0.998515
gripper_l_pos 0
gripper_r_pos 1.07461
head_joint1_pos 0.6951
head_joint2_pos 0

[Home]
target_l_pos 0.0055 0.2275 0.51305
target_l_rot 4.9171e-10 7.34699e-11 -1 1.97158e-12 1 7.34699e-11 1 -1.97158e-12 4.9171e-10
target_r_pos 0.0055 -0.2275 0.51305
target_r_rot 5.32383e-10 1.00686e-10 -1 1.52715e-12 1 1.00686e-10 1 -1.52715e-12 5.32383e-10
gripper_l_pos 0.101581
gripper_r_pos 0.096243
head_joint1_pos 0.6951
head_joint2_pos 0

[Home2]
target_l_pos 0.0055 0.2275 0.6001
target_l_rot 0 0 -1 0 1 0 1 0 0
target_r_pos 0.0055 -0.2275 0.6001
target_r_rot 0 0 -1 0 1 0 1 0 0
gripper_l_pos 0
gripper_r_pos 0.00153398
head_joint1_pos 0.6951
head_joint2_pos 0

[Messi]
target_l_pos 0.449206 0.478535 1.61662
target_l_rot 0.259041 -0.276105 0.925561 -0.131493 0.939268 0.316995 -0.956874 -0.203819 0.207003
target_r_pos 0.328981 -0.435648 1.77942
target_r_rot 0.426309 0.0995618 0.899082 0.240928 0.945525 -0.218943 -0.871903 0.309952 0.379098
gripper_l_pos 0.104023
gripper_r_pos 0.0960173
head_joint1_pos 0.6951
head_joint2_pos 0

[cube_pose]
target_l_pos 0.316 0.326139 0.709102
target_l_rot 0.958315 -0.0821601 -0.273647 0.0586164 0.993926 -0.0931423 0.279638 0.0732194 0.95731
target_r_pos 0.558413 -0.182925 0.753415
target_r_rot 0.958946 0.0449379 -0.280005 -0.0449538 0.998969 0.00636871 0.280002 0.00648002 0.959978
gripper_l_pos 0.00460194
gripper_r_pos 0.751711
head_joint1_pos 0.691825
head_joint2_pos -2.06946e-13

[cube_s]
target_l_pos 0.316 0.338058 0.687331
target_l_rot 0.952089 -0.082841 -0.294386 0.0572269 0.993869 -0.0945968 0.300418 0.0732179 0.950993
target_r_pos 0.545316 -0.200129 0.795
target_r_rot 0.951951 -0.00187057 -0.306245 0.00145067 0.999998 -0.00159871 0.306247 0.00107763 0.951951
gripper_l_pos 0
gripper_r_pos 0.561369
head_joint1_pos 0.690291
head_joint2_pos -2.06946e-13

[detach]
target_l_pos 0.0148888 0.494484 0.507119
target_l_rot 0.024651 -0.00454044 -0.999686 0.00070794 0.99999 -0.00452436 0.999696 -0.000596188 0.0246539
target_r_pos 0.440619 -0.180848 0.794844
target_r_rot 0.999023 0.0183867 0.0401917 -0.0194382 0.999475 0.0259292 -0.0396938 -0.0266851 0.998855
gripper_l_pos 0.711767
gripper_r_pos 1.18831
head_joint1_pos 0.656544
head_joint2_pos 0.00306796

[grappler]
target_l_pos 0.473895 0.58406 1.31014
target_l_rot 0.771987 -0.551426 -0.316173 0.484457 0.832445 -0.268957 0.411507 0.0544591 0.909778
target_r_pos 0.4151 -0.637914 1.38042
target_r_rot 0.887117 0.0659094 -0.456815 -0.0315332 0.996094 0.0824804 0.460467 -0.0587649 0.88573
gripper_l_pos 0.101581
gripper_r_pos 0.096243
head_joint1_pos 0.6951
head_joint2_pos 0

[smtm_close]
target_l_pos -0.0127264 0.549136 0.521759
target_l_rot 0.011436 0.0380848 -0.999209 0.00382661 0.999265 0.0381307 0.999927 -0.00425965 0.0112819
target_r_pos 0.562803 -0.173262 0.783215
target_r_rot 0.998407 -0.0154851 0.0542644 0.0152421 0.999872 0.00488868 -0.0543332 -0.00405379 0.998515
gripper_l_pos 0
gripper_r_pos 1.07461
head_joint1_pos 0.6951
head_joint2_pos 0

[smtm_start]
target_l_pos -0.0162154 0.514899 0.531966
target_l_rot 0.000176591 -0.00238319 -0.999997 0.00384855 0.99999 -0.00238249 0.999993 -0.00384811 0.000185761
target_r_pos 0.591513 -0.118184 0.764903
target_r_rot 0.998671 -0.00856041 0.0508206 0.00890324 0.999939 -0.00652332 -0.0507617 0.00696712 0.998686
gripper_l_pos 0
gripper_r_pos 2.81334e-08
head_joint1_pos 0.6951
head_joint2_pos 0

[standby]
target_l_pos 0.371522 0.286876 0.913912
target_l_rot 0.999203 -0.0134473 -0.0375935 0.0116629 0.998813 -0.0472873 0.0381848 0.0468111 0.998174
target_r_pos 0.329915 -0.297934 0.927453
target_r_rot 0.998244 -0.0522287 -0.0279418 0.0525818 0.998544 0.0120541 0.0272715 -0.0135022 0.999537
gripper_l_pos 0
gripper_r_pos 0.819928
head_joint1_pos 0.6951
head_joint2_pos 0

